#,Parasha,MP4 Download Link
1,Parashat Vayera,https://haravyinonkalazan.com/wp-content/uploads/2022/11/Parashat-Vayera.mp4
2,Parashat Lech Lecha,https://haravyinonkalazan.com/wp-content/uploads/2022/11/PARASHAT-LECH-LECHA-dvar-torah.mp4
3,Parashat Noah,https://haravyinonkalazan.com/wp-content/uploads/2022/11/DVAR-TORAH-parashat-Noah.mp4
4,Parashat Bereshit,https://haravyinonkalazan.com/wp-content/uploads/2022/11/Parashat-Bereshit-dvar-torah.mp4
5,Parashat Haazinu,https://haravyinonkalazan.com/wp-content/uploads/2022/10/dvar-torah-shabbat-Parashat-Haazinu.mp4
6,Parashat Vayelech,https://haravyinonkalazan.com/wp-content/uploads/2022/10/dvar-torah-shabbat-Parashat-Vayelech.mp4
7,Parashat Nitzavim,https://haravyinonkalazan.com/wp-content/uploads/2022/10/dvar-torah-shabbat-Parashat-Nitzavim.mp4
8,Parashat Ki Tavo,https://haravyinonkalazan.com/wp-content/uploads/2022/10/dvar-torah-shabbat-Parashat-Ki-Tavo.mp4
9,Parashat Ki Teitzei,https://haravyinonkalazan.com/wp-content/uploads/2022/09/Parashat-Ki-Teitzei-DVAR-TORAH.mp4
10,Parashat Shoftim,https://haravyinonkalazan.com/wp-content/uploads/2022/09/DVAR-TORAH-PARASHA-SHOFTIM.mp4
11,Parashat Re’eh,https://haravyinonkalazan.com/wp-content/uploads/2022/09/DVAR-TORAH-PARASHA-RERH.mp4
12,Parashat Eikev,https://haravyinonkalazan.com/wp-content/uploads/2022/09/DVAR-TORAH-PARASHA-EIKEV.mp4
13,Parashat Va’etchanan,https://haravyinonkalazan.com/wp-content/uploads/2022/08/Parashat-Vaetchanan.mp4
14,Parashat Devarim,https://haravyinonkalazan.com/wp-content/uploads/2022/08/13-Parashat-Devarim.mp4
15,Parashat Masei,https://haravyinonkalazan.com/wp-content/uploads/2022/08/12-Parashat-Masei.mp4
16,Parashat Matot,https://haravyinonkalazan.com/wp-content/uploads/2022/08/11-Parashat-Matot.mp4
17,Parashat Pinchas,https://haravyinonkalazan.com/wp-content/uploads/2022/08/10-Parashat-Pinchas.mp4
18,Parashat Balak,https://haravyinonkalazan.com/wp-content/uploads/2022/08/9-Parashat-Balak.mp4
19,Parashat Chukat,https://haravyinonkalazan.com/wp-content/uploads/2022/08/8-Parashat-Chukat.mp4
20,Parashat Korach,https://haravyinonkalazan.com/wp-content/uploads/2022/08/7-Parashat-Korach.mp4
21,Parashat Shlach Lecha,https://haravyinonkalazan.com/wp-content/uploads/2022/08/6-Parashat-Shlach-Lecha.mp4
22,Parashat Behaalotecha,https://haravyinonkalazan.com/wp-content/uploads/2022/08/5-Parashat-Behaalotecha.mp4
23,Parashat Naso,https://haravyinonkalazan.com/wp-content/uploads/2022/08/4-Parashat-Naso.mp4
24,Parashat Bamidbar,https://haravyinonkalazan.com/wp-content/uploads/2022/08/3-Parashat-Bamidbar.mp4
25,Parashat Bechukotai,https://haravyinonkalazan.com/wp-content/uploads/2022/08/2-Parashat-Bechukotai.mp4
26,Parashat Behar,https://haravyinonkalazan.com/wp-content/uploads/2022/08/1-Parashat-Behar.mp4
27,Parashat Emor,https://haravyinonkalazan.com/wp-content/uploads/2022/05/Dvar-Torah-Parashat-Emor.mp4
28,Parashat Kedoshim,https://haravyinonkalazan.com/wp-content/uploads/2022/05/DVAR-TORAH-PARASHA-KEDOSHIM.mp4
29,Parshat Acharei Mot,https://haravyinonkalazan.com/wp-content/uploads/2022/04/dvar-torah-Parshat-Acharei-Mot.mp4
30,Parashat Metzora,https://haravyinonkalazan.com/wp-content/uploads/2022/04/dvar-torah-Parashat-Metzora.mp4
31,Parashat Shemini,https://haravyinonkalazan.com/wp-content/uploads/2022/03/dvar-torah-Parashat-Shemini.mp4
32,Parashat Tzav,https://haravyinonkalazan.com/wp-content/uploads/2022/03/DVAR-TORAH-parashat-Tzav.mp4
33,Parashat Vayikra,https://haravyinonkalazan.com/wp-content/uploads/2022/03/DVAR-TORAH-parashat-VaYikra.mp4
34,Parashat Pekudei,https://haravyinonkalazan.com/wp-content/uploads/2022/03/DVAR-TORAH-Parashat-Pekudei.mp4
35,Parashat Vayakhel,https://haravyinonkalazan.com/wp-content/uploads/2022/02/dvar-torah-shabbat-PARASHAT-VAYAKHEL.mp4
36,Parashat Ki Tisa,https://haravyinonkalazan.com/wp-content/uploads/2022/02/dvar-torah-shabbat-PARASHAT-KI-TISA.mp4
37,Parashat Tetzaveh,https://haravyinonkalazan.com/wp-content/uploads/2022/02/dvar-torah-shabbat-parashat-Tetzaveh.mp4
38,Parashat Truma,https://haravyinonkalazan.com/wp-content/uploads/2022/02/dvar-torah-parashat-truma.mp4
39,Parashat Mishpatim,https://haravyinonkalazan.com/wp-content/uploads/2022/02/dvar-torah-parashat-mishpatim.mp4
40,Parashat Yitro,https://haravyinonkalazan.com/wp-content/uploads/2022/01/Dvar-Torah-Parashat-Yitro.mp4
41,Parashat Beshalach,https://haravyinonkalazan.com/wp-content/uploads/2022/01/Dvar-Torah-Parashat-Beshalach.mp4
42,Parashat Bo,https://haravyinonkalazan.com/wp-content/uploads/2022/01/dvar-torah-parashat-bo.mp4
43,Parashat Vaera,https://haravyinonkalazan.com/wp-content/uploads/2021/12/dvar-torah-parashat-vaera.mp4
44,Parashat Shemot,https://haravyinonkalazan.com/wp-content/uploads/2021/12/Dvar-Torah-Parashat-Shemot.mp4
45,Parashat VaYechi,https://haravyinonkalazan.com/wp-content/uploads/2021/12/Dvar-Torah-Parashat-VaYechi.mp4
46,Parashat VaYigash,https://haravyinonkalazan.com/wp-content/uploads/2021/12/Dvar-Torah-Parshat-Vayigash.mp4
47,Parashat Miketz,https://haravyinonkalazan.com/wp-content/uploads/2021/12/dvar-torah-parashat-miketz.mp4
48,Parashat Veyeshev,https://haravyinonkalazan.com/wp-content/uploads/2021/11/Dvra-Torah-Parashat-Vayeshev.mp4
49,Parashat Vayishlach,https://haravyinonkalazan.com/wp-content/uploads/2021/11/Dvar-Torah-Parashat-Vayishlach.mp4
50,Parashat Vayetze,https://haravyinonkalazan.com/wp-content/uploads/2021/11/Dvar-Torah-PARASHAT-VAYETZE.mp4
51,Parashat Toldot,https://haravyinonkalazan.com/wp-content/uploads/2021/11/Dvar-Torah-Parashat-Toldot.mp4
52,Parashat Chayei Sarah,https://haravyinonkalazan.com/wp-content/uploads/2021/11/Dvar-Torah-Parashat-Chayei-Sarah.mp4
53,Parashat Vayera,https://haravyinonkalazan.com/wp-content/uploads/2021/10/Dvar-Torah-Parashat-Vayera.mp4
54,Parashat Lech Lecha,https://haravyinonkalazan.com/wp-content/uploads/2021/10/dvar-torah-parasha-lech-lecha.mp4
55,Parashat Noah,https://haravyinonkalazan.com/wp-content/uploads/2021/10/Dvar-Torah-Parashat-Noah.mp4
56,Parashat V’Zot HaBerachah,https://haravyinonkalazan.com/wp-content/uploads/2021/09/Parashat-VZot-HaBerachah.mp4
57,Parashat Haazinu,https://haravyinonkalazan.com/wp-content/uploads/2021/09/Dvar-Torah-Shabbat-Parashat-Haazinu.mp4
58,Parashat Vayelech,https://haravyinonkalazan.com/wp-content/uploads/2021/09/parashat-veyelech.mp4
59,Parashat Nitzavim,https://haravyinonkalazan.com/He/wp-content/uploads/2021/09/VID-20210903-WA0001.mp4
60,Parashat Ki Tavo,https://haravyinonkalazan.com/He/wp-content/uploads/2021/08/VID-20210827-WA0003.mp4
61,Parashat Ki Teizei,https://haravyinonkalazan.com/He/wp-content/uploads/2021/08/VID-20210822-WA0006.mp4
62,Parashat Shoftim,https://haravyinonkalazan.com/He/wp-content/uploads/2021/08/VID-20210826-WA0004-1.mp4
63,Parashat Re’eh,https://haravyinonkalazan.com/He/wp-content/uploads/2021/08/VID-20210806-WA0002.mp4
64,Parashat Ekev,https://haravyinonkalazan.com/He/wp-content/uploads/2021/08/VID-20210730-WA0036_1.mp4
65,Parashat Vaetchanan,https://haravyinonkalazan.com/He/wp-content/uploads/2021/08/VID-20210802-WA0138_1.mp4
66,Parashat Devarim,https://haravyinonkalazan.com/He/wp-content/uploads/2021/08/VID-20210803-WA0005.mp4
67,Parashat Matot-Masei,https://haravyinonkalazan.com/He/wp-content/uploads/2021/08/VID-20210803-WA0004.mp4
68,Parashat Balak,https://haravyinonkalazan.com/He/wp-content/uploads/2021/07/VID-20210628-WA0081.mp4
69,Parashat Chukat,https://haravyinonkalazan.com/He/wp-content/uploads/2021/07/VID-20210624-WA0014.mp4
70,Parashat Korach,https://haravyinonkalazan.com/He/wp-content/uploads/2021/06/VID-20210611-WA0008.mp4
